c언어 서현우 21600 150 19 06 21
자바 최진호 28130 100 20 02 29
자료구조 하상호 23000 350 19 08 24
파이썬 천인국 22000 250 14 02 08
리눅스  김진호 14000 300 13 05 20
쉽게풀어쓰는c언어 한빛나라 200000 5000 12 12 12
c언어 서현우 21600 150 19 06 21
자바 최진호 28130 100 20 02 29
자료구조 하상호 23000 350 19 08 24
파이썬 천인국 22000 250 14 02 08
리눅스  김진호 14000 300 13 05 20
쉽게풀어쓰는c언어 한빛나라 200000 5000 12 12 12
c언어 서현우 21600 150 19 06 21
자바 최진호 28130 100 20 02 29
자료구조 하상호 23000 350 19 08 24
파이썬 천인국 22000 250 14 02 08
리눅스  김진호 14000 300 13 05 20
쉽게풀어쓰는c언어 한빛나라 200000 5000 12 12 12
c언어 서현우 21600 150 19 06 21
자바 최진호 28130 100 20 02 29
자료구조 하상호 23000 350 19 08 24
파이썬 천인국 22000 250 14 02 08
리눅스  김진호 14000 300 13 05 20
쉽게풀어쓰는c언어 한빛나라 200000 5000 12 12 12
c언어 서현우 21600 150 19 06 21
자바 최진호 28130 100 20 02 29
자료구조 하상호 23000 350 19 08 24
파이썬 천인국 22000 250 14 02 08
리눅스  김진호 14000 300 13 05 20
c언어 서현우 21600 150 19 06 21
자바 최진호 28130 100 20 02 29
자료구조 하상호 23000 350 19 08 24
파이썬 천인국 22000 250 14 02 08
리눅스  김진호 14000 300 13 05 20
쉽게풀어쓰는c언어 한빛나라 200000 5000 12 12 12
c언어 서현우 21600 150 19 06 21
자바 최진호 28130 100 20 02 29
자료구조 하상호 23000 350 19 08 24
파이썬 천인국 22000 250 14 02 08
리눅스  김진호 14000 300 13 05 20
쉽게풀어쓰는c언어 한빛나라 200000 5000 12 12 12
쉽게풀어쓰는c언어 한빛나라 200000 5000 12 12 12
c언어 서현우 21600 150 19 06 21
자바 최진호 28130 100 20 02 29
자료구조 하상호 23000 350 19 08 24
파이썬 천인국 22000 250 14 02 08
리눅스  김진호 14000 300 13 05 20
쉽게풀어쓰는c언어 한빛나라 200000 5000 12 12 12
c언어 서현우 21600 150 19 06 21
자바 최진호 28130 100 20 02 29
자료구조 하상호 23000 350 19 08 24
파이썬 천인국 22000 250 14 02 08
리눅스  김진호 14000 300 13 05 20
쉽게풀어쓰는c언어 한빛나라 200000 5000 12 12 12
c언어 서현우 21600 150 19 06 21
자바 최진호 28130 100 20 02 29
자료구조 하상호 23000 350 19 08 24
파이썬 천인국 22000 250 14 02 08
리눅스  김진호 14000 300 13 05 20
쉽게풀어쓰는c언어 한빛나라 200000 5000 12 12 12
c언어 서현우 21600 150 19 06 21
자바 최진호 28130 100 20 02 29
자료구조 하상호 23000 350 19 08 24
파이썬 천인국 22000 250 14 02 08
리눅스  김진호 14000 300 13 05 20
쉽게풀어쓰는c언어 한빛나라 200000 5000 12 12 12
c언어 서현우 21600 150 19 06 21
자바 최진호 28130 100 20 02 29
자료구조 하상호 23000 350 19 08 24
파이썬 천인국 22000 250 14 02 08
리눅스  김진호 14000 300 13 05 20
c언어 서현우 21600 150 19 06 21
자바 최진호 28130 100 20 02 29
자료구조 하상호 23000 350 19 08 24
파이썬 천인국 22000 250 14 02 08
리눅스  김진호 14000 300 13 05 20
쉽게풀어쓰는c언어 한빛나라 200000 5000 12 12 12
c언어 서현우 21600 150 19 06 21
자바 최진호 28130 100 20 02 29
자료구조 하상호 23000 350 19 08 24
파이썬 천인국 22000 250 14 02 08
리눅스  김진호 14000 300 13 05 20
쉽게풀어쓰는c언어 한빛나라 200000 5000 12 12 12
쉽게풀어쓰는c언어 한빛나라 200000 5000 12 12 12
c언어 서현우 21600 150 19 06 21
자바 최진호 28130 100 20 02 29
자료구조 하상호 23000 350 19 08 24
파이썬 천인국 22000 250 14 02 08
리눅스  김진호 14000 300 13 05 20
쉽게풀어쓰는c언어 한빛나라 200000 5000 12 12 12
c언어 서현우 21600 150 19 06 21
자바 최진호 28130 100 20 02 29
자료구조 하상호 23000 350 19 08 24
파이썬 천인국 22000 250 14 02 08
리눅스  김진호 14000 300 13 05 20
쉽게풀어쓰는c언어 한빛나라 200000 5000 12 12 12
c언어 서현우 21600 150 19 06 21
자바 최진호 28130 100 20 02 29
자료구조 하상호 23000 350 19 08 24
파이썬 천인국 22000 250 14 02 08
리눅스  김진호 14000 300 13 05 20
쉽게풀어쓰는c언어 한빛나라 200000 5000 12 12 12
c언어 서현우 21600 150 19 06 21
자바 최진호 28130 100 20 02 29
자료구조 하상호 23000 350 19 08 24
파이썬 천인국 22000 250 14 02 08
리눅스  김진호 14000 300 13 05 20
쉽게풀어쓰는c언어 한빛나라 200000 5000 12 12 12
c언어 서현우 21600 150 19 06 21
자바 최진호 28130 100 20 02 29
자료구조 하상호 23000 350 19 08 24
파이썬 천인국 22000 250 14 02 08
리눅스  김진호 14000 300 13 05 20
c언어 서현우 21600 150 19 06 21
자바 최진호 28130 100 20 02 29
자료구조 하상호 23000 350 19 08 24
파이썬 천인국 22000 250 14 02 08
리눅스  김진호 14000 300 13 05 20
쉽게풀어쓰는c언어 한빛나라 200000 5000 12 12 12
c언어 서현우 21600 150 19 06 21
자바 최진호 28130 100 20 02 29
자료구조 하상호 23000 350 19 08 24
파이썬 천인국 22000 250 14 02 08
리눅스  김진호 14000 300 13 05 20
쉽게풀어쓰는c언어 한빛나라 200000 5000 12 12 12
리눅스  김진호 14000 300 13 05 20
쉽게풀어쓰는c언어 한빛나라 200000 5000 12 12 12