c언어 최진호 2000 300 20 2 3
c언어 서현우 21600 150 19 6 21
c언어 서현우 21600 150 19 6 21
c언어 서현우 21600 150 19 6 21
c언어 서현우 21600 150 19 6 21
c언어 서현우 21600 150 19 6 21
c언어 서현우 21600 150 19 6 21
c언어 서현우 21600 150 19 6 21
c언어 서현우 21600 150 19 6 21
c언어 서현우 21600 150 19 6 21
c언어 서현우 21600 150 19 6 21
c언어 서현우 21600 150 19 6 21
c언어 서현우 21600 150 19 6 21
c언어 서현우 21600 150 19 6 21
c언어 서현우 21600 150 19 6 21
c언어 서현우 21600 150 19 6 21
c언어 서현우 21600 150 19 6 21
c언어 서현우 21600 150 19 6 21
c언어 서현우 21600 150 19 6 21
c언어 서현우 21600 150 19 6 21
c언어 서현우 21600 150 19 6 21
c언어 서현우 21600 150 19 6 21
리눅스 김진호 14000 300 13 5 20
리눅스 김진호 14000 300 13 5 20
리눅스 김진호 14000 300 13 5 20
리눅스 김진호 14000 300 13 5 20
리눅스 김진호 14000 300 13 5 20
리눅스 김진호 14000 300 13 5 20
리눅스 김진호 14000 300 13 5 20
리눅스 김진호 14000 300 13 5 20
리눅스 김진호 14000 300 13 5 20
리눅스 김진호 14000 300 13 5 20
리눅스 김진호 14000 300 13 5 20
리눅스 김진호 14000 300 13 5 20
리눅스 김진호 14000 300 13 5 20
리눅스 김진호 14000 300 13 5 20
리눅스 김진호 14000 300 13 5 20
리눅스 김진호 14000 300 13 5 20
리눅스 김진호 14000 300 13 5 20
리눅스 김진호 14000 300 13 5 20
리눅스 김진호 14000 300 13 5 20
리눅스 김진호 14000 300 13 5 20
리눅스 김진호 14000 300 13 5 20
리눅스 김진호 14000 300 13 5 20
쉽게풀어쓰는c언어 한빛나라 200000 5000 12 12 12
쉽게풀어쓰는c언어 한빛나라 200000 5000 12 12 12
쉽게풀어쓰는c언어 한빛나라 200000 5000 12 12 12
쉽게풀어쓰는c언어 한빛나라 200000 5000 12 12 12
쉽게풀어쓰는c언어 한빛나라 200000 5000 12 12 12
쉽게풀어쓰는c언어 한빛나라 200000 5000 12 12 12
쉽게풀어쓰는c언어 한빛나라 200000 5000 12 12 12
쉽게풀어쓰는c언어 한빛나라 200000 5000 12 12 12
쉽게풀어쓰는c언어 한빛나라 200000 5000 12 12 12
쉽게풀어쓰는c언어 한빛나라 200000 5000 12 12 12
쉽게풀어쓰는c언어 한빛나라 200000 5000 12 12 12
쉽게풀어쓰는c언어 한빛나라 200000 5000 12 12 12
쉽게풀어쓰는c언어 한빛나라 200000 5000 12 12 12
쉽게풀어쓰는c언어 한빛나라 200000 5000 12 12 12
쉽게풀어쓰는c언어 한빛나라 200000 5000 12 12 12
쉽게풀어쓰는c언어 한빛나라 200000 5000 12 12 12
쉽게풀어쓰는c언어 한빛나라 200000 5000 12 12 12
쉽게풀어쓰는c언어 한빛나라 200000 5000 12 12 12
쉽게풀어쓰는c언어 한빛나라 200000 5000 12 12 12
쉽게풀어쓰는c언어 한빛나라 200000 5000 12 12 12
쉽게풀어쓰는c언어 한빛나라 200000 5000 12 12 12
자료구조 하상호 23000 350 19 8 24
자료구조 하상호 23000 350 19 8 24
자료구조 하상호 23000 350 19 8 24
자료구조 하상호 23000 350 19 8 24
자료구조 하상호 23000 350 19 8 24
자료구조 하상호 23000 350 19 8 24
자료구조 하상호 23000 350 19 8 24
자료구조 하상호 23000 350 19 8 24
자료구조 하상호 23000 350 19 8 24
자료구조 하상호 23000 350 19 8 24
자료구조 하상호 23000 350 19 8 24
자료구조 하상호 23000 350 19 8 24
자료구조 하상호 23000 350 19 8 24
자료구조 하상호 23000 350 19 8 24
자료구조 하상호 23000 350 19 8 24
자료구조 하상호 23000 350 19 8 24
자료구조 하상호 23000 350 19 8 24
자료구조 하상호 23000 350 19 8 24
자료구조 하상호 23000 350 19 8 24
자료구조 하상호 23000 350 19 8 24
자료구조 하상호 23000 350 19 8 24
자바 최진호 28130 100 20 2 29
자바 최진호 28130 100 20 2 29
자바 최진호 28130 100 20 2 29
자바 최진호 28130 100 20 2 29
자바 최진호 28130 100 20 2 29
자바 최진호 28130 100 20 2 29
자바 최진호 28130 100 20 2 29
자바 최진호 28130 100 20 2 29
자바 최진호 28130 100 20 2 29
자바 최진호 28130 100 20 2 29
자바 최진호 28130 100 20 2 29
자바 최진호 28130 100 20 2 29
자바 최진호 28130 100 20 2 29
자바 최진호 28130 100 20 2 29
자바 최진호 28130 100 20 2 29
자바 최진호 28130 100 20 2 29
자바 최진호 28130 100 20 2 29
자바 최진호 28130 100 20 2 29
자바 최진호 28130 100 20 2 29
자바 최진호 28130 100 20 2 29
자바 최진호 28130 100 20 2 29
파이썬 천인국 22000 250 14 2 8
파이썬 천인국 22000 250 14 2 8
파이썬 천인국 22000 250 14 2 8
파이썬 천인국 22000 250 14 2 8
파이썬 천인국 22000 250 14 2 8
파이썬 천인국 22000 250 14 2 8
파이썬 천인국 22000 250 14 2 8
파이썬 천인국 22000 250 14 2 8
파이썬 천인국 22000 250 14 2 8
파이썬 천인국 22000 250 14 2 8
파이썬 천인국 22000 250 14 2 8
파이썬 천인국 22000 250 14 2 8
파이썬 천인국 22000 250 14 2 8
파이썬 천인국 22000 250 14 2 8
파이썬 천인국 22000 250 14 2 8
파이썬 천인국 22000 250 14 2 8
파이썬 천인국 22000 250 14 2 8
파이썬 천인국 22000 250 14 2 8
파이썬 천인국 22000 250 14 2 8
파이썬 천인국 22000 250 14 2 8
파이썬 천인국 22000 250 14 2 8
